run_step3_st=[
%m	%n	%k	%MY_GFLOPS	%REF_GFLOPS
   16	    16	    16	  0.67	  9.94
   32	    32	    32	  1.46	 15.20
   48	    48	    48	  1.05	 19.53
   64	    64	    64	  1.52	 21.29
   80	    80	    80	  1.25	  7.15
   96	    96	    96	  1.65	 27.99
  112	   112	   112	  1.77	 34.70
  128	   128	   128	  2.04	 35.35
  144	   144	   144	  1.78	 37.91
  160	   160	   160	  2.14	 40.23
  176	   176	   176	  1.96	 41.47
  192	   192	   192	  2.13	 42.43
  208	   208	   208	  2.00	 42.75
  224	   224	   224	  2.17	 43.94
  240	   240	   240	  2.02	 44.68
  256	   256	   256	  2.16	 43.57
  272	   272	   272	  2.04	 44.53
  288	   288	   288	  2.18	 45.13
  304	   304	   304	  2.06	 45.03
  320	   320	   320	  2.14	 45.37
  336	   336	   336	  2.09	 42.31
  352	   352	   352	  2.15	 46.18
  368	   368	   368	  2.08	 46.88
  384	   384	   384	  2.18	 46.81
  400	   400	   400	  2.09	 47.23
  416	   416	   416	  2.17	 47.59
  432	   432	   432	  2.08	 47.93
  448	   448	   448	  2.18	 46.89
  464	   464	   464	  2.10	 47.32
  480	   480	   480	  2.18	 47.45
  496	   496	   496	  2.11	 47.10
  512	   512	   512	  2.19	 46.19
  528	   528	   528	  2.11	 46.18
  544	   544	   544	  2.18	 46.11
  560	   560	   560	  2.10	 46.33
  576	   576	   576	  2.17	 46.73
  592	   592	   592	  2.12	 46.49
  608	   608	   608	  2.18	 46.77
  624	   624	   624	  2.12	 47.32
  640	   640	   640	  2.17	 46.54
  656	   656	   656	  2.11	 46.65
  672	   672	   672	  2.18	 47.28
  688	   688	   688	  2.13	 47.15
  704	   704	   704	  2.18	 47.00
  720	   720	   720	  2.14	 47.53
  736	   736	   736	  2.17	 47.44
  752	   752	   752	  2.14	 47.58
  768	   768	   768	  2.18	 47.49
  784	   784	   784	  2.13	 46.39
  800	   800	   800	  2.19	 47.29
  816	   816	   816	  2.12	 47.52
  832	   832	   832	  2.17	 47.21
  848	   848	   848	  2.14	 47.24
  864	   864	   864	  2.17	 47.41
  880	   880	   880	  2.14	 47.39
  896	   896	   896	  2.17	 47.60
  912	   912	   912	  2.15	 47.78
  928	   928	   928	  2.17	 47.78
  944	   944	   944	  2.13	 47.83
  960	   960	   960	  2.17	 47.95
  976	   976	   976	  2.13	 47.90
  992	   992	   992	  2.17	 47.86
 1008	  1008	  1008	  2.15	 47.46
 1024	  1024	  1024	  2.18	 46.31
];
run_step3_mt=[
%m	%n	%k	%MY_GFLOPS	%REF_GFLOPS
   64	    64	    64	  1.01	 16.47
  128	   128	   128	  1.21	 127.15
  192	   192	   192	  2.09	 74.73
  256	   256	   256	  1.45	 161.42
  320	   320	   320	  2.16	 84.25
  384	   384	   384	  2.17	 161.53
  448	   448	   448	  2.53	 159.92
  512	   512	   512	  2.97	 162.44
  576	   576	   576	  3.12	 86.20
  640	   640	   640	  3.22	 96.63
  704	   704	   704	  3.95	 155.80
  768	   768	   768	  4.26	 165.78
  832	   832	   832	  4.51	 163.83
  896	   896	   896	  4.81	 167.84
  960	   960	   960	  4.76	 166.58
 1024	  1024	  1024	  4.63	 168.86
 1088	  1088	  1088	  5.39	 169.34
 1152	  1152	  1152	  4.95	 172.05
 1216	  1216	  1216	  5.00	 173.91
 1280	  1280	  1280	  5.93	 177.02
 1344	  1344	  1344	  5.44	 172.42
 1408	  1408	  1408	  5.32	 176.45
 1472	  1472	  1472	  5.70	 175.47
 1536	  1536	  1536	  5.10	 176.06
 1600	  1600	  1600	  5.56	 176.38
 1664	  1664	  1664	  5.50	 180.24
 1728	  1728	  1728	  5.48	 177.76
 1792	  1792	  1792	  5.71	 179.10
 1856	  1856	  1856	  5.63	 175.39
 1920	  1920	  1920	  5.65	 182.31
 1984	  1984	  1984	  5.83	 176.33
 2048	  2048	  2048	  6.01	 178.03
 2112	  2112	  2112	  6.21	 179.52
 2176	  2176	  2176	  6.37	 180.64
 2240	  2240	  2240	  6.52	 180.66
 2304	  2304	  2304	  6.66	 180.26
 2368	  2368	  2368	  6.81	 170.58
 2432	  2432	  2432	  7.03	 181.71
 2496	  2496	  2496	  7.20	 180.58
 2560	  2560	  2560	  7.38	 174.82
 2624	  2624	  2624	  7.53	 177.89
 2688	  2688	  2688	  7.74	 134.53
 2752	  2752	  2752	  7.81	 180.73
 2816	  2816	  2816	  8.03	 181.51
 2880	  2880	  2880	  8.19	 174.65
 2944	  2944	  2944	  8.40	 176.18
 3008	  3008	  3008	  8.57	 168.25
 3072	  3072	  3072	  8.68	 173.70
 3136	  3136	  3136	  8.48	 173.86
 3200	  3200	  3200	  8.18	 174.57
 3264	  3264	  3264	  7.95	 171.27
 3328	  3328	  3328	  7.74	 168.44
 3392	  3392	  3392	  7.68	 162.93
 3456	  3456	  3456	  7.61	 155.35
 3520	  3520	  3520	  7.61	 164.52
 3584	  3584	  3584	  7.69	 154.81
 3648	  3648	  3648	  7.71	 166.06
 3712	  3712	  3712	  7.70	 157.12
 3776	  3776	  3776	  7.63	 155.83
 3840	  3840	  3840	  7.62	 153.84
 3904	  3904	  3904	  6.81	 132.23
 3968	  3968	  3968	  6.85	 151.21
 4032	  4032	  4032	  6.96	 153.04
 4096	  4096	  4096	  7.02	 136.84
];
